0 0.09375 0.423828125 0.0546875 0.09765625
0 0.458984375 0.439453125 0.05078125 0.05859375
0 0.63671875 0.5234375 0.03125 0.0703125
0 0.833984375 0.427734375 0.03515625 0.04296875
0 0.95703125 0.40625 0.046875 0.0625
3 0.08203125 0.537109375 0.1015625 0.18359375
3 0.359375 0.5078125 0.0703125 0.109375
3 0.4609375 0.51171875 0.0625 0.125
3 0.6015625 0.50390625 0.046875 0.09375
3 0.833984375 0.486328125 0.05859375 0.09765625
3 0.94921875 0.48828125 0.0703125 0.125
2 0.36328125 0.45703125 0.0546875 0.0703125
