2 0.58984375 0.6640625 0.1015625 0.125
2 0.73046875 0.607421875 0.0546875 0.06640625
2 0.818359375 0.697265625 0.07421875 0.08203125
2 0.87890625 0.662109375 0.0703125 0.12109375
2 0.55078125 0.23828125 0.0546875 0.0625
2 0.39453125 0.234375 0.0546875 0.0625
2 0.23828125 0.2578125 0.0546875 0.0625
2 0.125 0.154296875 0.0703125 0.07421875
3 0.1328125 0.22265625 0.09375 0.09375
3 0.234375 0.3046875 0.078125 0.0703125
3 0.396484375 0.3046875 0.08203125 0.1171875
3 0.552734375 0.3203125 0.06640625 0.1171875
3 0.591796875 0.857421875 0.21484375 0.29296875
3 0.724609375 0.73828125 0.08203125 0.21875
3 0.837890625 0.859375 0.16015625 0.2890625
3 0.939453125 0.84765625 0.12890625 0.3125
