3 0.1015625 0.69140625 0.078125 0.140625
3 0.751953125 0.82421875 0.07421875 0.140625
3 0.673828125 0.677734375 0.06640625 0.18359375
3 0.58203125 0.6015625 0.0625 0.09375
3 0.48046875 0.529296875 0.0703125 0.17578125
3 0.4765625 0.228515625 0.0546875 0.05859375
2 0.12109375 0.619140625 0.0546875 0.05078125
2 0.482421875 0.1875 0.03515625 0.046875
2 0.447265625 0.416015625 0.06640625 0.07421875
2 0.583984375 0.537109375 0.06640625 0.05859375
2 0.658203125 0.580078125 0.05859375 0.05078125
2 0.716796875 0.734375 0.05859375 0.0625
3 0.6328125 0.576171875 0.03125 0.11328125
3 0.697265625 0.576171875 0.04296875 0.12890625
2 0.630859375 0.50390625 0.05859375 0.0546875
2 0.697265625 0.490234375 0.05859375 0.04296875
