0 0.099609375 0.466796875 0.08203125 0.12890625
0 0.123046875 0.65234375 0.10546875 0.078125
0 0.271484375 0.3828125 0.11328125 0.1171875
0 0.3359375 0.2265625 0.0859375 0.1171875
0 0.564453125 0.375 0.07421875 0.109375
0 0.720703125 0.236328125 0.08203125 0.12890625
0 0.83984375 0.033203125 0.109375 0.05859375
0 0.822265625 0.552734375 0.13671875 0.18359375
1 0.974609375 0.208984375 0.05859375 0.26171875
1 0.197265625 0.482421875 0.14453125 0.16796875
1 0.1875 0.779296875 0.171875 0.25390625
1 0.33984375 0.5625 0.1796875 0.25
1 0.3984375 0.30859375 0.09375 0.1953125
1 0.65625 0.431640625 0.1484375 0.16796875
1 0.79296875 0.654296875 0.1875 0.25390625
1 0.697265625 0.29296875 0.08203125 0.140625
1 0.828125 0.123046875 0.0625 0.15234375
1 0.9765625 0.37109375 0.0546875 0.234375
