0 0.0234375 0.158203125 0.0390625 0.16015625
0 0.20703125 0.314453125 0.1015625 0.16015625
0 0.365234375 0.63671875 0.08203125 0.125
0 0.43359375 0.51171875 0.0625 0.0859375
0 0.361328125 0.359375 0.03515625 0.1015625
0 0.39453125 0.291015625 0.0546875 0.11328125
0 0.587890625 0.29296875 0.04296875 0.109375
0 0.578125 0.626953125 0.0625 0.12109375
0 0.7109375 0.66796875 0.0859375 0.171875
2 0.6640625 0.12890625 0.0546875 0.0859375
2 0.2578125 0.375 0.0390625 0.140625
2 0.29296875 0.3984375 0.03125 0.140625
2 0.330078125 0.373046875 0.04296875 0.12890625
2 0.416015625 0.365234375 0.04296875 0.09765625
2 0.375 0.546875 0.046875 0.109375
2 0.50390625 0.5546875 0.0546875 0.09375
2 0.634765625 0.642578125 0.06640625 0.13671875
2 0.67578125 0.55859375 0.0546875 0.125
2 0.724609375 0.51953125 0.07421875 0.125
2 0.736328125 0.322265625 0.05859375 0.11328125
2 0.703125 0.404296875 0.0546875 0.10546875
2 0.677734375 0.353515625 0.04296875 0.08984375
2 0.46484375 0.34375 0.046875 0.0859375
2 0.498046875 0.318359375 0.05078125 0.07421875
2 0.541015625 0.353515625 0.04296875 0.08203125
2 0.61328125 0.35546875 0.046875 0.0859375
2 0.646484375 0.396484375 0.04296875 0.10546875
3 0.19921875 0.5859375 0.1484375 0.390625
3 0.279296875 0.5234375 0.05078125 0.1875
3 0.3671875 0.80078125 0.1171875 0.1953125
3 0.74609375 0.8671875 0.171875 0.2734375
3 0.7890625 0.662109375 0.09375 0.23828125
3 0.75390625 0.453125 0.0546875 0.1484375
3 0.609375 0.46875 0.0390625 0.1640625
3 0.654296875 0.494140625 0.02734375 0.15234375
3 0.705078125 0.4765625 0.04296875 0.0703125
3 0.677734375 0.462890625 0.02734375 0.11328125
3 0.642578125 0.724609375 0.05859375 0.08203125
3 0.58203125 0.751953125 0.0625 0.15234375
3 0.5078125 0.63671875 0.0703125 0.1328125
3 0.431640625 0.724609375 0.05859375 0.11328125
3 0.451171875 0.626953125 0.05078125 0.11328125
2 0.4140625 0.638671875 0.0546875 0.08203125
3 0.5390625 0.48046875 0.078125 0.1953125
3 0.478515625 0.458984375 0.06640625 0.16796875
3 0.421875 0.453125 0.0625 0.109375
3 0.369140625 0.470703125 0.05078125 0.11328125
3 0.328125 0.501953125 0.0390625 0.16015625
3 0.0234375 0.42578125 0.0390625 0.3359375
3 0.666015625 0.259765625 0.08984375 0.19140625
