0 0.0390625 0.408203125 0.0703125 0.08984375
0 0.3515625 0.41796875 0.03125 0.0546875
0 0.37890625 0.384765625 0.046875 0.04296875
0 0.404296875 0.39453125 0.02734375 0.0625
0 0.43359375 0.390625 0.046875 0.0859375
0 0.470703125 0.408203125 0.05078125 0.06640625
0 0.55078125 0.462890625 0.0390625 0.07421875
2 0.630859375 0.474609375 0.05859375 0.06640625
2 0.236328125 0.40625 0.04296875 0.078125
0 0.291015625 0.4453125 0.05078125 0.078125
3 0.2890625 0.505859375 0.046875 0.09765625
3 0.234375 0.51171875 0.0859375 0.15625
3 0.6328125 0.56640625 0.078125 0.140625
1 0.55078125 0.55078125 0.0703125 0.1484375
1 0.037109375 0.529296875 0.06640625 0.18359375
1 0.373046875 0.525390625 0.06640625 0.16015625
1 0.404296875 0.466796875 0.01953125 0.10546875
1 0.427734375 0.470703125 0.02734375 0.11328125
1 0.474609375 0.529296875 0.07421875 0.18359375
