2 0.5078125 0.11953125 0.08125 0.0828125
2 0.2140625 0.26640625 0.05625 0.0953125
2 0.26953125 0.28203125 0.0890625 0.0984375
2 0.33125 0.26015625 0.06875 0.1046875
2 0.39453125 0.26796875 0.0796875 0.0828125
2 0.4828125 0.27265625 0.06875 0.1015625
2 0.61875 0.2546875 0.1 0.075
2 0.5859375 0.31796875 0.109375 0.0796875
2 0.728125 0.26328125 0.109375 0.1078125
1 0.1921875 0.37109375 0.05625 0.1140625
3 0.2890625 0.4 0.178125 0.15
3 0.46015625 0.3875 0.1421875 0.121875
1 0.6171875 0.38828125 0.175 0.1109375
1 0.7625 0.37421875 0.196875 0.1515625
