2 0.21953125 0.46484375 0.1328125 0.1515625
2 0.59453125 0.3375 0.0546875 0.1
2 0.64453125 0.36484375 0.0734375 0.1015625
2 0.690625 0.39609375 0.059375 0.1015625
2 0.7375 0.35546875 0.059375 0.0734375
2 0.83515625 0.30859375 0.0828125 0.0734375
2 0.8890625 0.153125 0.109375 0.109375
1 0.21640625 0.6890625 0.1796875 0.328125
1 0.5875 0.459375 0.115625 0.1875
1 0.6890625 0.54453125 0.140625 0.2265625
3 0.74296875 0.4640625 0.0703125 0.190625
1 0.82890625 0.42109375 0.1171875 0.1609375
3 0.89375 0.2703125 0.175 0.203125
