2 0.12734375 0.5203125 0.0546875 0.06875
2 0.2765625 0.471875 0.046875 0.040625
2 0.37421875 0.48671875 0.0484375 0.0546875
2 0.45390625 0.47109375 0.0265625 0.0484375
2 0.4953125 0.46796875 0.034375 0.0515625
2 0.6203125 0.46171875 0.04375 0.0515625
2 0.6765625 0.4546875 0.0375 0.046875
2 0.7515625 0.48125 0.046875 0.046875
2 0.78515625 0.5609375 0.0453125 0.059375
1 0.13046875 0.59609375 0.0859375 0.1109375
1 0.2734375 0.5546875 0.08125 0.128125
1 0.365625 0.5625 0.06875 0.1375
1 0.45390625 0.54609375 0.0640625 0.1109375
1 0.5109375 0.53828125 0.06875 0.1109375
1 0.61875 0.53984375 0.06875 0.1265625
1 0.68046875 0.54140625 0.0609375 0.1296875
1 0.75 0.55390625 0.065625 0.1109375
1 0.7890625 0.64296875 0.084375 0.1328125
