2 0.13125 0.5305555555555556 0.030208333333333334 0.04814814814814815
2 0.0984375 0.5407407407407407 0.025 0.06481481481481481
2 0.0828125 0.549074074074074 0.027083333333333334 0.05925925925925926
2 0.6328125 0.5351851851851852 0.03333333333333333 0.046296296296296294
2 0.18072916666666666 0.5462962962962963 0.03125 0.07592592592592592
3 0.08072916666666667 0.6138888888888889 0.0625 0.10740740740740741
3 0.13229166666666667 0.5888888888888889 0.04479166666666667 0.12407407407407407
3 0.1015625 0.5833333333333334 0.05 0.18703703703703703
3 0.6302083333333334 0.5851851851851851 0.05520833333333333 0.07962962962962963
3 0.86875 0.5509259259259259 0.019791666666666666 0.04259259259259259
2 0.86953125 0.5180555555555556 0.0234375 0.023148148148148147
1 0.18151041666666667 0.6504629629629629 0.0921875 0.18981481481481483
1 0.17838541666666666 0.6458333333333334 0.04010416666666667 0.16574074074074074
1 0.4234375 0.6476851851851851 0.07708333333333334 0.2212962962962963
1 0.7611979166666667 0.6087962962962963 0.0640625 0.18055555555555555
1 0.81796875 0.6199074074074075 0.07552083333333333 0.16944444444444445
0 0.4354166666666667 0.5277777777777778 0.053125 0.08518518518518518
0 0.7825520833333334 0.5125 0.03802083333333333 0.0824074074074074
2 0.8213541666666667 0.5314814814814814 0.036458333333333336 0.044444444444444446
2 0.17942708333333332 0.5435185185185185 0.044270833333333336 0.05
2 0.20859375 0.5634259259259259 0.04114583333333333 0.0712962962962963
