2 0.24869791666666666 0.041666666666666664 0.0640625 0.08148148148148149
3 0.23776041666666667 0.1388888888888889 0.0859375 0.18703703703703703
0 0.09322916666666667 0.2175925925925926 0.057291666666666664 0.13148148148148148
0 0.06380208333333333 0.3101851851851852 0.058854166666666666 0.12777777777777777
3 0.10885416666666667 0.32314814814814813 0.06770833333333333 0.1574074074074074
3 0.055989583333333336 0.45601851851851855 0.0921875 0.2935185185185185
2 0.3684895833333333 0.04398148148148148 0.0609375 0.08611111111111111
1 0.33671875 0.16111111111111112 0.07552083333333333 0.24074074074074073
0 0.5611979166666666 0.3648148148148148 0.07135416666666666 0.1574074074074074
0 0.8255208333333334 0.30092592592592593 0.06666666666666667 0.12777777777777777
1 0.5638020833333334 0.49398148148148147 0.1421875 0.19907407407407407
1 0.8736979166666666 0.41898148148148145 0.07447916666666667 0.262037037037037
