0 0.4908854166666667 0.21805555555555556 0.034895833333333334 0.06018518518518518
0 0.4125 0.22083333333333333 0.035416666666666666 0.06388888888888888
0 0.34375 0.24583333333333332 0.0375 0.05092592592592592
1 0.3494791666666667 0.2986111111111111 0.04375 0.08055555555555556
1 0.41692708333333334 0.26990740740740743 0.0390625 0.08796296296296297
0 0.403125 0.42083333333333334 0.03125 0.058333333333333334
0 0.41770833333333335 0.42314814814814816 0.014583333333333334 0.044444444444444446
0 0.42552083333333335 0.4476851851851852 0.023958333333333335 0.058333333333333334
0 0.45729166666666665 0.41712962962962963 0.03125 0.05648148148148148
0 0.4515625 0.4615740740740741 0.028125 0.05277777777777778
0 0.49270833333333336 0.4162037037037037 0.03333333333333333 0.058333333333333334
0 0.5328125 0.40694444444444444 0.029166666666666667 0.06574074074074074
0 0.5140625 0.44212962962962965 0.026041666666666668 0.05648148148148148
0 0.5552083333333333 0.4527777777777778 0.03229166666666667 0.07037037037037037
0 0.5638020833333334 0.4162037037037037 0.0359375 0.06944444444444445
0 0.5604166666666667 0.4300925925925926 0.019791666666666666 0.03796296296296296
0 0.5760416666666667 0.44537037037037036 0.01875 0.053703703703703705
0 0.6065104166666667 0.44027777777777777 0.030729166666666665 0.05277777777777778
1 0.3984375 0.48842592592592593 0.03125 0.10462962962962963
1 0.41796875 0.513425925925926 0.028645833333333332 0.11203703703703703
1 0.44583333333333336 0.5314814814814814 0.0375 0.11851851851851852
1 0.4625 0.500462962962963 0.023958333333333335 0.11203703703703703
3 0.4890625 0.4847222222222222 0.03333333333333333 0.10833333333333334
1 0.51015625 0.5175925925925926 0.03697916666666667 0.10925925925925926
1 0.534375 0.4837962962962963 0.027083333333333334 0.10277777777777777
1 0.5471354166666667 0.49027777777777776 0.016145833333333335 0.075
1 0.559375 0.524537037037037 0.028125 0.11203703703703703
1 0.578125 0.524537037037037 0.026041666666666668 0.10092592592592593
1 0.6122395833333333 0.5120370370370371 0.050520833333333334 0.10555555555555556
0 0.7 0.42314814814814816 0.03958333333333333 0.06481481481481481
1 0.7057291666666666 0.5087962962962963 0.042708333333333334 0.13796296296296295
0 0.75703125 0.449537037037037 0.033854166666666664 0.06574074074074074
0 0.8203125 0.3814814814814815 0.03229166666666667 0.07407407407407407
1 0.7572916666666667 0.5236111111111111 0.046875 0.12685185185185185
1 0.82578125 0.44907407407407407 0.05572916666666667 0.1037037037037037
0 0.9291666666666667 0.1763888888888889 0.029166666666666667 0.058333333333333334
0 0.9145833333333333 0.22962962962962963 0.020833333333333332 0.03888888888888889
1 0.9286458333333333 0.21805555555555556 0.035416666666666666 0.04537037037037037
1 0.9171875 0.26296296296296295 0.036458333333333336 0.040740740740740744
