0 0.3792724609375 0.418287037037037 0.032958984375 0.06712962962962964
0 0.6185302734375 0.11157407407407408 0.047607421875 0.05092592592592592
0 0.0753173828125 0.861574074074074 0.040283203125 0.07407407407407407
3 0.371337890625 0.449537037037037 0.087890625 0.18981481481481483
3 0.630126953125 0.15671296296296297 0.09765625 0.09490740740740741
3 0.066162109375 0.9356481481481481 0.06591796875 0.12962962962962962
1 0.5196533203125 0.8337962962962963 0.086669921875 0.12962962962962962
3 0.8055419921875 0.8046296296296296 0.069091796875 0.14814814814814814
0 0.51611328125 0.7543981481481481 0.048828125 0.07546296296296297
0 0.8074951171875 0.7289351851851852 0.037353515625 0.08009259259259259
