2 0.48072916666666665 0.31574074074074077 0.03125 0.09259259259259259
2 0.5671875 0.36018518518518516 0.052083333333333336 0.09259259259259259
2 0.2869791666666667 0.3574074074074074 0.03958333333333333 0.07592592592592592
2 0.29635416666666664 0.47314814814814815 0.0375 0.07037037037037037
2 0.3625 0.46111111111111114 0.04895833333333333 0.06481481481481481
2 0.46197916666666666 0.6185185185185185 0.03958333333333333 0.06111111111111111
2 0.6557291666666667 0.42407407407407405 0.04375 0.07962962962962963
2 0.7520833333333333 0.39814814814814814 0.03854166666666667 0.09074074074074075
2 0.7182291666666667 0.5101851851851852 0.04583333333333333 0.08518518518518518
2 0.646875 0.6287037037037037 0.042708333333333334 0.08518518518518518
3 0.2677083333333333 0.43425925925925923 0.04479166666666667 0.14814814814814814
1 0.2828125 0.5657407407407408 0.058333333333333334 0.17777777777777778
3 0.3645833333333333 0.5574074074074075 0.06770833333333333 0.1537037037037037
1 0.475 0.39351851851851855 0.06770833333333333 0.13333333333333333
1 0.5557291666666667 0.4222222222222222 0.06458333333333334 0.10925925925925926
3 0.46979166666666666 0.7041666666666667 0.071875 0.1527777777777778
3 0.6703125 0.500462962962963 0.06145833333333333 0.125
3 0.7580729166666667 0.4726851851851852 0.06510416666666667 0.125
1 0.6390625 0.7106481481481481 0.06666666666666667 0.14537037037037037
