0 0.471435546875 0.7649934810951761 0.029296875 0.09452411994784876
0 0.50927734375 0.7519556714471969 0.03173828125 0.09452411994784876
3 0.46044921875 0.864406779661017 0.0439453125 0.14341590612777053
3 0.5001220703125 0.848109517601043 0.045166015625 0.15645371577574968
0 0.0753173828125 0.4602346805736636 0.081787109375 0.18252933507170796
0 0.3389892578125 0.23533246414602346 0.098876953125 0.2542372881355932
0 0.59716796875 0.28748370273794005 0.1171875 0.2803129074315515
1 0.0704345703125 0.673728813559322 0.115966796875 0.3683181225554107
3 0.3267822265625 0.5922425032594524 0.203857421875 0.5834419817470665
3 0.61669921875 0.652542372881356 0.21240234375 0.5149934810951761
3 0.5599365234375 0.8670143415906127 0.037841796875 0.26727509778357234
