0 0.10403645833333333 0.3523148148148148 0.03567708333333333 0.07685185185185185
0 0.16822916666666668 0.36550925925925926 0.049479166666666664 0.0912037037037037
1 0.091796875 0.4425925925925926 0.03723958333333333 0.15925925925925927
1 0.16653645833333333 0.4650462962962963 0.05807291666666667 0.1699074074074074
0 0.28020833333333334 0.41388888888888886 0.033854166666666664 0.06481481481481481
0 0.30052083333333335 0.3900462962962963 0.036458333333333336 0.06620370370370371
1 0.27591145833333336 0.487962962962963 0.05651041666666667 0.12037037037037036
1 0.2984375 0.48564814814814816 0.0390625 0.125
0 0.37864583333333335 0.4148148148148148 0.041666666666666664 0.08796296296296297
1 0.38046875 0.5034722222222222 0.07291666666666667 0.1449074074074074
0 0.51015625 0.47430555555555554 0.0390625 0.08657407407407407
0 0.56015625 0.500462962962963 0.04010416666666667 0.07685185185185185
1 0.5032552083333334 0.562962962962963 0.05807291666666667 0.14074074074074075
1 0.5606770833333333 0.5699074074074074 0.049479166666666664 0.11388888888888889
0 0.649609375 0.5428240740740741 0.05026041666666667 0.0912037037037037
1 0.6395833333333333 0.6361111111111111 0.053125 0.14814814814814814
0 0.7333333333333333 0.5560185185185185 0.0390625 0.08981481481481482
0 0.75546875 0.5844907407407407 0.03802083333333333 0.08472222222222223
1 0.728125 0.637962962962963 0.040625 0.1111111111111111
1 0.7640625 0.6416666666666667 0.041666666666666664 0.14351851851851852
