2 0.6903645833333333 0.25092592592592594 0.018229166666666668 0.05
3 0.6736979166666667 0.2638888888888889 0.033854166666666664 0.07222222222222222
0 0.6901041666666666 0.33194444444444443 0.027083333333333334 0.04537037037037037
1 0.6684895833333333 0.36712962962962964 0.04114583333333333 0.0787037037037037
0 0.09427083333333333 0.0824074074074074 0.026041666666666668 0.046296296296296294
1 0.075 0.1125 0.026041666666666668 0.0787037037037037
0 0.016145833333333335 0.13055555555555556 0.023958333333333335 0.046296296296296294
3 0.017447916666666667 0.1763888888888889 0.033854166666666664 0.06018518518518518
0 0.37265625 0.6111111111111112 0.0234375 0.04814814814814815
1 0.37161458333333336 0.6388888888888888 0.033854166666666664 0.07222222222222222
0 0.45208333333333334 0.8273148148148148 0.026041666666666668 0.05462962962962963
3 0.44244791666666666 0.8814814814814815 0.04010416666666667 0.11296296296296296
0 0.5200520833333333 0.8175925925925925 0.0234375 0.046296296296296294
1 0.5453125 0.8481481481481481 0.027083333333333334 0.09814814814814815
0 0.5877604166666667 0.7962962962962963 0.025520833333333333 0.053703703703703705
1 0.5713541666666667 0.8560185185185185 0.025 0.09907407407407408
0 0.9838541666666667 0.32685185185185184 0.020833333333333332 0.06481481481481481
3 0.9549479166666667 0.33194444444444443 0.03697916666666667 0.12129629629629629
0 0.94140625 0.4097222222222222 0.0328125 0.06759259259259259
3 0.9705729166666667 0.41064814814814815 0.0390625 0.06388888888888888
0 0.98359375 0.7972222222222223 0.0203125 0.06111111111111111
3 0.9515625 0.8027777777777778 0.04583333333333333 0.11851851851851852
