0 0.027916666666666666 0.498125 0.04083333333333333 0.0575
0 0.2758333333333333 0.3834375 0.06166666666666667 0.043125
0 0.46541666666666665 0.500625 0.0675 0.04375
0 0.5616666666666666 0.41 0.06666666666666667 0.06
0 0.62125 0.40125 0.0625 0.0425
0 0.70875 0.4428125 0.0375 0.034375
1 0.08333333333333333 0.5171875 0.06833333333333333 0.060625
1 0.5141666666666667 0.56 0.10666666666666667 0.05875
1 0.5995833333333334 0.4690625 0.08083333333333333 0.096875
3 0.25625 0.446875 0.10583333333333333 0.0925
