2 0.0546875 0.4671875 0.046875 0.140625
2 0.09921875 0.4453125 0.0734375 0.121875
2 0.16640625 0.42578125 0.0765625 0.1484375
2 0.26484375 0.421875 0.1078125 0.2
2 0.3515625 0.32890625 0.140625 0.2515625
2 0.5 0.40234375 0.090625 0.1953125
2 0.68828125 0.1734375 0.2515625 0.34375
3 0.52265625 0.59765625 0.0859375 0.2890625
3 0.04765625 0.6375 0.0796875 0.303125
3 0.10546875 0.67578125 0.1046875 0.3796875
3 0.1625 0.7125 0.09375 0.421875
3 0.26015625 0.73125 0.1078125 0.4875
3 0.43203125 0.71328125 0.2671875 0.5765625
3 0.77734375 0.66484375 0.4484375 0.6734375
